name: crunch-a-thon-21
channels:
  - conda-forge
  - defaults
dependencies:
  - argcomplete=1.12.3=pyhd8ed1ab_2
  - backcall=0.2.0=pyh9f0ad1d_0
  - backports=1.0=py_2
  - backports.functools_lru_cache=1.6.4=pyhd8ed1ab_0
  - ca-certificates=2021.10.8=h5b45459_0
  - colorama=0.4.4=pyh9f0ad1d_0
  - debugpy=1.5.1=py37hf2a7229_0
  - decorator=5.1.0=pyhd8ed1ab_0
  - entrypoints=0.3=pyhd8ed1ab_1003
  - ffmpeg=4.3.1=ha925a31_0
  - importlib-metadata=4.8.2=py37h03978a9_0
  - importlib_metadata=4.8.2=hd8ed1ab_0
  - ipykernel=6.6.0=py37h4038f58_0
  - ipython=7.30.1=py37h03978a9_0
  - jedi=0.18.1=py37h03978a9_0
  - jupyter_client=7.1.0=pyhd8ed1ab_0
  - jupyter_core=4.9.1=py37h03978a9_1
  - libflac=1.3.3=h0e60522_1
  - libogg=1.3.4=h8ffe710_1
  - libopus=1.3.1=h8ffe710_1
  - libpng=1.6.37=h1d00b33_2
  - libsndfile=1.0.31=h0e60522_1
  - libsodium=1.0.18=h8d14728_1
  - libvorbis=1.3.7=h0e60522_0
  - libzlib=1.2.11=h8ffe710_1013
  - matplotlib-inline=0.1.3=pyhd8ed1ab_0
  - nest-asyncio=1.5.4=pyhd8ed1ab_0
  - openssl=3.0.0=h8ffe710_2
  - pandas=1.2.3=py37h08fd248_0
  - parso=0.8.3=pyhd8ed1ab_0
  - pickleshare=0.7.5=py_1003
  - pip=21.3.1=pyhd8ed1ab_0
  - prompt-toolkit=3.0.23=pyha770c72_0
  - pydub=0.25.1=pyhd8ed1ab_0
  - pygments=2.10.0=pyhd8ed1ab_0
  - python=3.7.12=h900ac77_100_cpython
  - python-dateutil=2.8.2=pyhd8ed1ab_0
  - python_abi=3.7=2_cp37m
  - pytz=2021.3=pyhd8ed1ab_0
  - pywin32=302=py37hcc03f2d_2
  - pyzmq=22.3.0=py37hcce574b_1
  - setuptools=59.4.0=py37h03978a9_0
  - six=1.16.0=pyh6c4a22f_0
  - sox=14.4.2=h7557ec5_1015
  - sqlite=3.37.0=h8ffe710_0
  - tornado=6.1=py37hcc03f2d_2
  - traitlets=5.1.1=pyhd8ed1ab_0
  - typing_extensions=4.0.1=pyha770c72_0
  - ucrt=10.0.20348.0=h57928b3_0
  - vc=14.2=hb210afc_5
  - vs2015_runtime=14.29.30037=h902a5da_5
  - wcwidth=0.2.5=pyh9f0ad1d_2
  - wheel=0.37.0=pyhd8ed1ab_1
  - xz=5.2.5=h62dcd97_1
  - zeromq=4.3.4=h0e60522_1
  - zipp=3.6.0=pyhd8ed1ab_0
  - zlib=1.2.11=h8ffe710_1013
  - pip:
    - cffi==1.15.0
    - deepspeech==0.9.3
    - numpy==1.17.0
    - pipdeptree==2.2.0
    - pycparser==2.21
    - vosk==0.3.32
prefix: C:\DevTools\miniconda3\envs\crunch-a-thon-21
